8905 9570
8007 8388
7520 9050
4776 6306
2893 6086
3345 7241
15 3483
7386 2820
6681 3574
7885 6982
8477 6977
8840 3913
2238 5861
1920 5451
3531 6285
4849 1487
5036 9148
3311 9847
9244 4495
9532 5806
1564 8900
61 3127
5032 1518
963 7267
8667 4106
1593 6043
3175 9735
8954 5593
2127 2725
6889 6542
9457 5449
1337 4779
4579 9872
6216 2528
496 2523
5680 2723
9821 7017
3405 4945
1771 2065
9728 2976
5450 4444
7480 6236
2000 7710
1575 7490
899 9312
5053 2306
7381 3075
6964 5217
498 3356
5554 4546
3772 8784
4318 7856
3681 6021
5393 5010
5575 2069
7658 2619
8691 4521
7278 3404
6970 4177
1707 542
3912 1392
4718 8163
8928 8496
6601 8194
9860 8178
1842 8165
8017 983
5965 2683
3103 3933
7630 26
2231 5461
8388 6459
7288 8073
36 5807
6230 8494
6968 1379
8699 1804
4505 3323
8682 245
4256 2416
9266 2749
8635 5395
4772 9237
8250 4942
2665 4349
5191 1877
5373 6948
7041 6154
5384 9392
339 9835
8243 9276
6064 7508
5264 2562
8409 5330
2765 1529
3028 2196
5727 5864
5755 2114
6365 559
1099 8121
1526 9794
4659 2971
4951 9369
4512 5842
7891 6669
6612 9099
9609 182
761 6438
7952 5599
2808 9071
3481 7841
6862 545
8301 8073
6211 8562
5777 8362
5188 604
3356 1627
7884 1509
8771 7495
9349 9341
1625 4078
6243 8762
5769 4358
8613 2157
137 2073
4784 7909
6616 685
84 2494
9335 5776
6607 9365
3486 9285
9715 3145
5979 3707
2981 4085
8311 1430
5993 7399
76 6022
987 7660
6688 2401
275 7891
8742 8861
3982 7128
5750 8654
5435 5169
7963 5718
8180 2613
3032 2928
1190 6464
6517 8054
4939 7704
2313 8174
9377 9938
4211 4148
3914 1272
8194 5048
3386 7110
1331 210
8471 105
217 2512
252 6702
3322 9896
5230 4508
5356 7239
6584 7601
7109 9062
1868 6791
2902 1133
9118 2991
2397 2802
445 2637
6389 7211
7259 7679
4025 1337
4474 5227
5005 6057
2455 7184
2706 2462
5057 98
6454 7086
5406 2650
230 1290
1309 2737
2734 1700
4930 7258
6933 8784
8898 4255
7803 1072
9495 9599
4730 1761
1827 8728
570 1888
8649 637
659 9756
6260 1302
9175 5790
3624 3611
4207 6025
3381 5519
6477 9032
5184 7370
8339 3193
7648 6856
6295 4615
8491 8589
7437 9389
7576 5190
3046 6468
7713 9018
395 2353
3308 8519
8723 1294
141 8785
3716 4430
4690 6152
1504 5812
7038 3983
8219 2956
8804 8350
3784 1133
3823 1339
3818 1442
4162 4623
2443 3175
6551 7879
9172 9598
455 9749
5507 5223
9831 9767
2799 2687
2888 5076
8901 5124
7883 5725
5248 6231
455 601
1779 2206
1325 4507
4719 4309
1359 2191
2431 1452
6108 8615
8387 6412
6818 3116
3614 621
2453 8590
7689 2732
3935 6437
6337 182
7377 6254
412 7487
2185 5642
9939 2463
9390 5357
1381 4514
5984 3952
4459 3773
263 2825
5001 6238
1137 5610
8108 8288
9993 2006
3359 3120
17 8108
3941 1057
6084 9353
2829 6581
5964 6128
435 8024
1899 1629
4878 8208
7482 6966
2294 8232
60 9066
7031 5730
2606 1773
4583 6265
7986 1490
3551 9850
2184 5461
2709 3541
7407 3322
3684 1577
3693 6000
1033 3192
9497 478
7852 9687
1380 819
9937 3112
2509 4354
2925 8721
1085 5905
6534 7243
8466 5419
4786 6440
9742 331
5563 2774
2310 9561
7433 7708
6730 2103
1052 5695
5881 2493
6745 8298
5626 3125
2994 2708
893 9035
4293 544
8293 2487
1590 6653
6672 2954
8751 1956
6867 4597
2513 9511
9695 5883
6768 7663
7469 723
7030 1634
8230 4328
5992 5126
9243 1823
1831 2088
8494 3349
4029 9538
758 6920
4440 2329
2373 3384
400 6679
8262 8435
8794 5134
4293 9086
4769 2009
2614 4953
3483 7333
2913 811
1462 4593
4538 5389
8359 3367
3817 6709
881 3603
5419 639
4980 4432
7084 3508
2499 8848
359 3432
265 7942
3194 7207
6005 2899
2144 3977
8309 7038
6797 3027
99 5576
4899 9757
3043 4134
4584 9635
8537 1918
4520 1832
2514 7957
8349 2150
557 8761
4343 4574
404 1155
9116 4191
8432 3695
1949 5387
6551 5087
4962 7170
8963 6709
5240 2036
8747 6989
578 4594
8507 1124
5215 2272
3811 3865
5089 2271
249 1737
6556 1592
5369 8471
7829 4333
4645 8283
9508 5600
2361 5481
2999 2742
4346 7513
1711 7501
3743 1556
4448 7098
1002 6544
7140 1293
2145 5977
8307 1884
5306 2743
6069 9469
6885 6261
4898 882
1496 7737
5682 7163
3194 431
3131 9425
3932 2203
4070 9022
6956 5209
9820 2389
1610 8288
672 1753
5826 51
8849 4358
9907 7558
4198 2732
5759 5219
6912 9027
5343 121
6309 315
2169 7760
8680 3005
7940 4142
5442 7255
2788 6801
3194 9338
9681 4370
6767 1124
9878 766
2416 1023
4006 366
8070 7022
1962 3699
3848 5779
6331 7457
7889 6564
6025 9002
9020 6606
5091 9109
2939 9317
4464 6191
6244 5409
1912 3568
3038 2688
2273 9192
7064 6769
1067 6297
2427 3540
6950 8130
7008 196
7929 7121
7350 7612
7869 5824
5980 1720
961 5478
4858 5674
7651 5328
9223 7984
8936 1152
1471 9236
6911 4479
5554 640
2913 4978
5685 3488
6638 1079
6163 9136
9733 7606
376 2914
4079 218
4619 5116
6779 668
5405 4177
5239 2701
5505 8589
949 4077
1035 8407
552 1646
5208 6104
7896 8546
8257 3647
4351 7623
1052 7137
5585 5151
9562 7705
3796 8863
3737 4901
6656 1428
1749 3908
3681 2678
8889 2826
5850 6227
801 8500
6557 2440
9372 6592
8316 3715
6937 1286
514 3084
649 360
9497 7494
1835 9868
4781 6027
4560 8405
3221 2300
572 3149
1392 914
5179 6777
3342 3549
6629 1474
2940 3314
7367 3174
4258 9509
2773 1380
7722 2657
5095 9204
8395 4503
5870 1361
4397 7373
6346 1819
8991 2761
5080 901
6378 1843
8396 6563
6224 7733
4057 7815
3899 8872
7031 9905
6365 9575
2535 6158
4565 3564
6501 21
1857 6218
4912 693
6531 3113
4106 3387
5721 976
3027 5679
3988 6564
1355 4105
2430 8969
8013 7231
2368 6557
5283 6419
1024 8676
7224 2506
975 4034
9401 4908
6898 7010
944 4609
3737 1371
5018 6467
5962 7096
3359 193
9654 3939
4452 5211
2751 126
4007 8629
1706 305
5220 5829
5465 6363
3413 6465
5596 1451
7718 1247
7784 7138
1702 5095
8074 8883
3073 1740
2036 5862
2573 8732
5816 1165
3149 5485
2910 7300
5023 5279
8392 8018
7589 9183
1299 3512
5963 1518
733 6909
2717 6957
3843 6409
6631 6364
3723 2423
9131 9543
1413 1870
1783 1321
2842 2313
8946 5921
6493 6371
336 3146
9159 1836
7833 8134
890 2025
6053 3510
9104 8519
302 3935
9599 5848
3645 9811
7830 3579
1590 3197
6517 8423
7791 8233
2601 5268
557 7184
3024 4195
9411 4126
5072 3415
8592 3288
2163 8773
4732 7970
5291 6953
2738 419
3738 7281
2317 2011
1815 2400
7670 5805
867 1832
6899 1518
1610 4156
3302 2899
3241 7970
6356 1450
423 387
8438 535
6091 5333
2701 3050
3433 9031
6574 8937
9158 1073
3650 9741
175 5009
1480 9346
1616 9263
7425 5894
5068 6491
2810 9012
7358 6351
276 8228
7781 2580
9498 3857
2255 9981
3586 1750
9013 8414
5914 4824
7887 9684
5105 694
4831 4307
7555 4802
4304 1126
8996 5317
2873 3295
116 1178
220 6373
2835 3402
4371 6917
9870 3904
6302 9175
7194 975
4875 4675
7507 6945
660 3844
9426 410
1747 7647
2536 6746
4505 1683
4709 9027
5665 5815
9211 7472
6861 463
7993 7246
4166 4631
3807 4338
2779 6274
7325 9725
1150 7938
2171 2321
2011 9697
5538 2553
3879 8264
6587 7319
2151 5307
6109 1466
5557 437
958 6138
5372 6007
1529 3948
855 5357
2763 9178
340 3376
5714 9255
4783 5145
9976 1777
1139 2322
74 5453
7769 5840
5634 282
6760 7432
3896 723
2173 866
1560 150
5424 7492
9478 2711
6624 7640
9086 7648
3707 2414
8498 8334
7764 7321
9697 255
9904 9379
2963 1766
9934 3804
8458 1607
1672 3743
689 4465
7466 4147
4409 2376
1035 7698
3699 8958
4079 8176
1019 8589
8277 6239
9116 2996
4383 3716
3031 3690
9435 8369
7863 6320
778 1238
2967 3325
9259 1949
7697 8529
5737 6281
4298 9769
6811 5844
3298 8975
7681 7375
3983 7479
6523 1848
8594 531
7024 4745
5862 8340
6729 8310
1821 7088
1183 1252
5301 1320
8085 6138
2655 7439
2308 5804
7974 3591
9839 1222
8581 7766
6394 3083
5873 4973
9349 5840
9694 7645
8428 4844
499 4591
5974 2750
7386 5013
9808 4473
4128 2426
9576 4124
2561 9699
9254 1171
4270 2604
5377 4396
2684 7071
7343 437
309 9599
2572 3185
152 3625
8972 7139
4247 460
4835 9087
6073 3245
1000 9222
3363 3239
3917 7592
1770 1788
4652 9486
6207 3622
8795 1156
1363 5204
9585 1192
2225 8980
9335 9534
5393 9025
9912 1947
4671 6516
844 5049
2105 5684
5987 1946
8818 6423
4447 153
7336 6613
7719 1564
8619 392
2775 3412
2104 245
4208 8693
3784 4271
3604 4211
7112 277
2455 1313
7706 1273
9355 3375
4274 4700
7649 7449
8089 5730
7313 3683
277 7263
7088 1213
4913 6683
8517 3431
3763 7797
2547 4568
1122 2074
5333 1141
6520 4519
8764 7758
2515 3018
4538 264
9484 9138
6169 7694
3788 9465
32 6634
2947 6760
9311 2019
4327 312
4847 2796
9486 1981
1395 6884
2512 6866
4679 7160
4986 7217
7125 5867
6768 8643
387 3347
170 592
3109 673
6870 4122
3195 5298
2335 3829
1893 6222
4331 8547
8413 6822
4960 6436
7533 8603
9942 183
9450 6204
2762 6857
2119 8689
3485 4611
548 3355
7538 7158
9232 3558
1407 694
6999 8248
3323 8310
8522 9182
3824 7285
1788 7565
3626 7352
9457 9618
5962 5048
1129 1534
2128 1804
6894 2892
8293 7171
7248 9707
6698 5849
1444 4645
6805 4111
7167 642
2521 1672
36 2399
5548 9091
3991 8953
8761 6323
6322 4836
5117 1260
3898 2517
4041 150
4758 4371
3720 5316
3531 7834
6316 7084
8028 4810
8297 8127
6000 1221
2142 2425
5097 466
2802 3571
7189 1770
5624 4594
774 9275
377 7375
7877 364
2969 1566
1537 8228
7449 5539
9602 9918
1884 6015
5089 8203
8218 9337
4014 1489
5725 637
9133 1407
6333 8962
7736 7225
4041 7085
4598 2492
3674 8585
6199 2801
9601 9756
5405 7455
409 3738
1354 1092
1340 9714
7111 2072
2919 5009
1138 6497
2553 1254
9753 2941
9410 7966
9417 3840
1960 2127
742 9336
2249 626
6570 2071
7197 4613
9077 2444
8805 94
3508 134
7573 4089
322 3064
861 3389
8289 6458
7890 9169
4827 1874
1281 4790
6900 520
3242 473
9524 5542
6049 123
5904 9195
8029 5189
6385 1010
2918 5027
4749 3313
7236 738
909 5340
1019 4147
9663 6652
4392 2962
2498 8221
5598 5518
4849 9714
3292 2472
8490 1529
9219 2909
524 7712
3811 5019
8889 5979
6827 5906
9238 2228
978 9807
449 1067
6997 2967
2456 4880
3603 4210
4639 5996
2180 4269
7162 9885
8511 9346
4620 5236
3782 3308
201 4333
5419 8342
9163 3724
4988 8677
2366 6372
3075 5987
2524 5487
4992 2610
271 5568
5961 4633
4521 3240
5715 5146
6246 8560
1327 7760
7514 483
3885 744
2774 7735
5820 9151
1684 344
2438 9467
3932 7836
6466 1465
5337 3099
4236 2605
8465 4837
7098 1439
5855 8896
7841 6385
6602 5325
3001 4142
3763 1555
4306 2447
9794 9386
2099 2041
1442 4171
6046 9232
49 4956
1729 3732
2898 1486
1752 4234
6883 2185
7156 8262
2520 149
3163 7636
1121 6220
3833 1737
6789 7513
93 5722
5648 9580
4337 5532
9042 1021
1295 6316
7084 4679
7146 8644
8152 2227
9709 7359
9725 4603
4651 2558
7006 7939
5031 885
8679 6241
1939 9567
8957 2053
5867 8050
5137 1114
5789 7682
6459 3291
945 4374
2422 3402
2382 9842
3775 1928
1771 7118
3784 9208
9739 7758
2384 148
1834 4381
8840 8351
376 5278
6991 2149
833 499
5527 7792
2517 5975
2120 5469
189 8282
5488 1451
5641 2973
7970 8367
8028 3063
3902 7572
754 6821
6752 8189
586 8261
2431 9399
7241 4509
9488 1722
4704 8628
8720 4227
2401 1774
2942 6462
8483 4874
2195 3116
5327 7788
777 6204
4937 7698
5937 3478
4661 2044
901 4609
9238 7239
641 4961
4248 8826
2667 7800
739 5330
3544 9942
4023 3587
7055 2776
1851 6099
5777 8538
3407 3764
2626 5748
9580 4546
982 9547
9694 8167
1988 1470
7711 2149
9486 9381
7460 7349
8645 1740
6726 4395
8934 1203
7417 3196
670 3022
9309 7280
8545 2378
7486 6870
3247 9292
3423 1459
1326 1990
6307 8420
7693 3209
6764 5898
3150 1842
1542 9818
9779 4204
4929 3936
9437 5036
4691 8174
7961 7507
4422 2211
9759 3983
6933 5596
1278 1953
3982 2236
4389 306
2337 7628
7235 8432
6125 2259
3824 6986
4283 3577
1845 1027
3125 8341
7563 5520
6393 2131
2908 5930
9422 1794
7802 9670
5274 2259
5360 3734
5334 9250
4740 224
681 1421
422 3376
5860 7096
9252 5185
5555 9548
7032 9427
3071 1187
5092 9568
8228 2024
7852 4740
2642 8583
5153 2939
7095 6803
2721 6020
7694 6942
5099 8717
5036 7438
8376 1013
7718 5562
396 6863
2056 9490
3702 6569
8174 9706
5213 8544
4497 2701
2091 9305
4071 6239
1753 175
7109 5872
1803 741
2896 2314
238 2969
5772 9303
6750 8337
8913 39
7756 3949
6418 9267
3917 2464
511 8522
7182 5918
2910 6296
7368 3143
9562 285
2471 2292
3849 1152
1787 4350
378 459
4549 4006
1399 877
1925 118
1584 3251
4183 3969
6245 5901
6079 1733
5505 4346
3859 9071
9040 9032
1181 9853
8185 4521
7504 6312
4021 8908
3280 2183
202 6634
8907 6840
7202 1087
1946 4
1271 578
3929 478
5878 4101
2290 9507
5658 4281
9061 5795
8339 2006
258 7741
3844 6847
717 1281
8970 200
710 6698
2308 3840
8573 3559
107 7114
2816 1587
9255 1845
2611 1507
8615 420
614 4584
691 6353
6872 3107
932 830
4028 3614
2385 1569
1216 3793
5321 8068
1148 8503
9862 5390
2539 8093
3907 3523
5180 2986
800 3831
122 4787
4979 5245
3379 506
569 5270
9252 5055
6341 8159
1748 1313
579 1554
3220 8377
8888 7879
7468 1146
7903 3504
5646 730
5289 5848
5079 2141
3783 9941
3008 9084
326 2497
1423 5510
837 754
9207 3415
7354 7857
2263 496
823 1808
2664 4875
115 3435
8476 7773
7206 2152
7473 1924
8481 3618
422 9635
166 2623
73 4819
4197 6120
6101 6442
5128 3045
4234 1186
4213 865
8823 5581
3633 6536
851 7512
2278 6319
1013 3501
4716 9069
9368 1475
5201 7491
8075 8395
3225 3657
7410 1169
6788 3786
408 6175
2350 3184
9469 5662
8927 246
1249 5277
9918 5678
6882 5270
572 7445
1884 2094
551 87
1193 1742
4391 8227
8529 1653
4551 2390
5101 5505
595 3352
9197 7165
2714 1205
1268 9273
6422 9077
8740 1202
7254 4721
586 5830
683 5685
7721 3107
885 5943
7965 3651
4075 6811
130 71
8678 6070
2750 5553
3922 593
7205 5268
6234 9345
4733 5565
2909 4419
1369 6406
8534 1740
998 6896
4031 6510
7144 9309
835 6012
5390 6870
3830 6606
56 5710
1413 8269
6438 9671
491 3706
5513 2982
6968 3516
7551 5232
9337 9562
7636 5935
2432 4349
6035 5435
6831 6632
9024 5596
3484 4527
5160 2000
7966 8612
3225 9097
2642 24
284 7784
8586 6596
5442 819
3753 3793
3781 2912
3521 5253
7202 9172
5309 6654
9569 9487
5544 7914
9994 6376
2131 2103
5701 221
1711 5845
7397 3550
8213 1420
9504 1116
5325 4714
4592 3901
2215 971
6909 5894
7051 8407
9449 2625
5006 7319
7346 4082
3448 901
1482 3458
7037 5660
6676 8995
6435 1937
7676 1173
6866 5639
9973 5732
3391 5217
4615 8978
2752 2302
9401 7660
6125 5851
8865 572
9058 7444
2024 7005
7665 8736
1180 6724
36 6169
582 8980
1133 1196
7528 912
9854 3891
7116 6821
2314 3418
8863 7650
8533 5879
3897 9915
4014 9981
4662 5121
840 5458
9646 3002
7324 4603
3611 3460
9407 263
7045 9540
669 8035
1106 711
5814 9787
8138 5031
5470 9044
2914 7426
6504 3325
9251 3687
3817 2210
1803 6354
7694 877
8394 4715
3468 697
5359 6322
3146 3004
5075 778
1305 2372
4997 8072
3449 4412
9406 9755
1762 9650
7276 6454
3747 4162
9360 1861
4836 5337
8457 1733
9319 2054
4041 8453
6880 1187
9994 107
462 9896
5280 326
742 4926
9707 734
7938 2568
5061 3564
8395 6410
8381 4348
195 4951
9849 1726
4254 1905
9742 2767
3707 2265
2291 1444
5425 3862
4167 344
2228 545
179 739
650 2365
8666 1943
3008 5635
1713 3576
303 5319
1412 7399
1195 4473
9641 4757
9310 7866
7399 9216
3069 5722
9592 1036
9958 9898
1180 7515
9739 243
6708 5883
9804 1059
1314 5702
540 7759
6170 3772
2233 7664
4463 6779
8833 8919
615 1662
8957 3389
1573 9371
8700 4276
4481 6063
5986 9377
8254 6097
5297 6270
4176 6770
4070 3083
1764 9795
1309 2098
8504 6489
4555 1887
7415 9741
1601 9363
8169 8207
5780 8518
1348 6073
3287 6457
5946 4442
837 8564
4660 5798
2929 787
6083 9873
7784 6406
4490 46
9599 1085
712 8568
4771 5737
2281 8190
3459 5521
7643 4141
3404 1895
6674 2619
7805 8781
8156 8637
9795 7267
8564 4530
8140 189
669 3360
5347 6682
2323 6583
9914 3571
5081 8222
4786 4769
9371 8848
6621 6583
229 5675
8724 9140
5919 127
6450 3003
9996 9799
5382 5418
8714 2432
5538 8900
6193 9373
588 2041
4900 1275
3311 5806
6280 8629
4181 3857
6144 2064
1620 5718
3339 9235
2850 4198
3010 3751
4095 2479
3219 2488
1615 9311
8182 7020
4184 1519
1943 7271
9290 2248
2412 9929
7825 961
6307 4326
9638 8028
3073 5217
1757 2222
5367 3197
8751 8463
5669 7738
6984 3470
1424 2093
8967 1756
419 6422
6410 3023
3202 5982
7493 411
3407 946
3764 1570
5006 1661
2164 2819
976 4646
4664 5623
3411 9505
5200 1368
8724 9431
5394 3444
7618 8278
4304 8249
5966 795
2901 5874
4968 4011
4223 7558
2490 2347
6718 961
2828 2051
620 1465
7974 9846
8047 2156
8863 6251
5758 7403
6390 9708
480 1059
3296 5991
7372 2722
6058 9150
1417 9608
2729 9356
3502 1171
9137 9251
4239 9090
7981 2294
7231 7996
6810 1928
1808 1375
156 3453
9761 6666
789 562
9946 5954
3417 269
9552 3864
9523 5172
8050 5687
5715 5665
1991 8436
7614 543
818 5134
3487 3147
6789 5833
8890 2061
4498 258
7885 2338
8399 2732
6763 9335
2581 850
3854 6582
9136 6027
2296 7121
3588 2104
128 237
5710 5183
2745 8058
4971 7194
5561 5207
1396 1445
7565 9466
957 3303
4534 2557
3305 5101
6340 5079
7336 1235
8618 8334
7173 1121
5934 2421
9610 9676
4553 6317
153 2714
7676 7326
6626 7570
8758 8081
9784 6561
304 9790
7088 1629
5557 4797
9483 8979
1568 2367
5529 1312
8542 749
5876 8541
1836 5651
1388 3461
1687 2312
4183 4104
6832 7572
9887 4227
1136 238
247 2613
4839 3939
3178 6318
7361 2126
8487 7366
9985 4700
244 2779
6047 1702
647 2832
5921 9771
2738 364
1794 1706
5778 193
4414 6632
5134 3830
679 9826
6676 1064
917 5154
7918 612
1568 890
1402 5427
2417 4797
7956 1478
5176 25
6398 1039
6962 8942
3601 9370
9354 6732
7916 2164
6234 4622
7089 4373
7204 2207
4658 6425
4722 7660
97 1419
3597 2001
310 9922
45 171
7003 5378
3247 5473
7245 4626
7660 9108
1922 6010
6838 2121
8557 7400
854 7867
8660 9614
66 8351
8312 2595
2174 4469
8198 1230
8016 2584
8490 9125
3589 3928
238 5176
7464 622
8049 8638
6135 4534
9751 6818
9901 9389
4023 8671
7541 2322
4191 4356
6174 7626
6604 3167
6494 387
2089 537
4389 795
9097 7834
1164 3390
5740 3785
185 5989
3204 9591
7419 42
859 845
7367 212
2549 7811
3404 3806
4766 7086
6480 6133
5172 7770
4481 9248
8783 3163
2457 1209
2019 6763
3814 9626
1285 1697
2141 3399
7847 9265
5919 4761
2059 963
4140 4509
1213 3552
8919 5550
7402 6705
859 4196
2053 172
9960 3837
5842 7399
1258 6375
14 2220
6775 7792
7405 5786
1320 3449
6616 6104
5202 9213
1684 2210
9163 8059
4062 5013
2506 7302
8284 8099
9431 3179
3765 7427
30 7276
6801 6786
4879 451
7440 2412
1973 2901
5792 3491
5447 9174
1549 1843
6000 9907
9428 650
7269 2628
1364 4889
6802 1094
49 4753
3659 1896
7778 1803
487 1241
3681 8874
6480 7306
3438 7976
8274 2332
1982 6180
3798 1345
6800 2051
6381 4559
175 6999
4051 3132
2385 6765
4760 151
161 9352
4574 6272
2517 6134
9631 2054
9837 7795
7192 5827
2086 3829
1963 4132
7455 5969
8332 9030
4425 9534
3356 706
1674 1249
6457 8996
7716 1847
7997 8801
7510 6573
8557 5067
7919 2953
8188 3196
9058 3743
499 3037
8028 4188
607 9106
1891 1093
2579 7998
2319 1729
9806 9430
4146 2243
8521 8829
2863 3690
8971 1275
3096 2478
3001 7507
4133 8175
5328 4318
9725 2447
5721 6278
7716 4751
6136 1639
4348 8928
6696 9615
9911 9772
6052 8557
1028 6484
2792 8448
4917 757
6750 778
1064 7145
4616 1125
125 5297
8250 3232
3389 2142
9149 5234
8812 9196
8825 2303
809 2963
9335 7799
9250 4907
8523 7632
5756 2508
8430 6744
8468 2986
9206 3195
4073 8500
3129 7599
8243 8445
6704 3230
2963 3222
5208 8558
5635 4786
8281 9819
4145 4077
3033 4013
6771 10
7246 1400
2135 9192
9362 6596
7978 6955
4059 8045
6732 116
3987 8174
1135 235
8095 6243
1328 7029
3573 3584
175 1959
6954 3186
9412 4069
6562 3063
1629 4579
5595 1526
1306 6613
6751 9822
8012 3345
5794 3050
7907 1020
4451 1406
1951 5468
2287 3492
9339 1492
7563 8050
671 7740
7072 5555
6896 1176
6040 1586
4311 3599
2294 7314
9825 4775
5861 5639
6632 630
1759 2280
9018 8043
3926 4411
1396 8717
1308 3963
5200 2526
2259 4613
8302 5399
2930 1512
9486 149
5688 9098
174 1185
2450 5439
5771 8427
2809 2087
5953 2044
1910 8441
6687 2318
8943 6988
3958 4923
4255 8858
45 4373
2631 9573
1485 6649
5638 8989
5709 74
6922 7113
7274 696
62 98
4426 7719
2711 567
8566 8369
9716 8721
4078 4495
290 288
7077 8928
6577 6064
5380 9315
4374 7961
111 6501
1270 3065
2095 6937
6893 9480
3602 2872
8664 2033
4751 3311
760 5728
2398 983
9782 8749
5216 5593
8594 1690
2439 1012
6991 1560
733 9140
6404 4292
6075 5894
9240 3517
9374 1766
3298 1404
1336 5431
8207 3525
999 1787
6418 6307
916 9433
6081 4785
8989 2927
5070 347
7389 9818
3076 3983
6468 5380
7263 9840
221 9866
8848 6464
7028 4025
1453 3888
3532 6340
2056 4288
7235 1930
9895 5231
9244 6105
641 9346
154 5467
5812 4580
1035 9030
5433 9828
3591 8311
1827 5886
438 1338
3380 920
1168 9208
2528 2749
4396 9526
8907 34
7277 7550
2871 8676
5939 5436
7470 8558
1319 7132
8826 6116
5754 6291
3308 8264
779 13
1022 2816
4422 5253
1064 252
7451 3220
2909 7083
1587 7126
6979 9015
9717 3621
5058 186
9057 7275
9478 5127
2807 819
8656 9722
2293 7858
6057 6794
8118 9248
2574 4056
2901 204
7162 1747
8993 8689
7188 1408
3979 9604
4019 6212
6563 5471
7866 2876
69 5032
2237 326
2184 6383
8785 5036
8727 791
5575 1829
5501 3045
3631 7139
7448 331
1611 703
8000 6276
5457 6444
6463 7093
2382 860
5353 9609
6454 4553
2642 1788
3845 7834
2314 6916
7572 9070
1597 9155
2991 4008
4772 1601
4238 536
6192 1491
8654 3859
6698 8621
9835 4025
4519 8466
4926 2792
4451 5390
4211 5757
6157 4227
9407 1971
9478 2217
7840 5166
3652 6525
5069 8408
6238 1333
3942 5654
3678 9543
5011 2401
9816 3932
3710 7183
7569 6057
7090 6030
5253 392
6440 4048
4299 4028
7794 1163
1544 2360
6341 840
4715 6306
2303 1261
8453 2976
8699 8047
1736 9091
6266 4874
8903 9723
4508 7095
8238 9751
7449 3836
5563 8184
9563 1312
2806 3179
9320 5250
3055 8992
7466 8197
5031 2266
7715 6746
9366 5825
7006 5714
960 7573
199 5110
7521 2463
1933 944
8836 383
8570 7190
6745 9109
5618 3045
5187 6583
9508 59
3396 4818
8476 8286
9934 2636
6342 835
674 3625
6062 7693
7963 6912
5350 7232
9148 5647
3519 1887
7208 8430
418 39
3048 7871
4406 2793
4858 97
3345 2357
7353 7065
5841 1214
8433 2626
3949 75
4557 305
913 4082
9033 2164
6529 7222
4461 3670
1816 7871
6571 3313
4378 6368
6674 949
2383 3807
638 6611
8143 2907
4221 1126
3733 3302
6271 3904
5041 437
6164 4499
708 3874
8544 6207
2956 2248
3207 9738
1347 7180
6870 9986
1700 2329
2544 2109
9087 3830
5573 9055
1864 1093
9117 5588
6897 4638
3650 3760
5131 1454
1897 2070
2207 7330
3944 5201
5756 3691
2057 6803
5063 6474
7326 2418
9075 9831
6897 6599
8568 5598
1582 8553
2502 5401
9765 4856
7937 7052
5445 529
5528 956
1874 7637
9858 2777
5458 3570
5137 1107
6519 5041
9280 8676
211 5845
6935 5798
7358 2507
3043 6624
1182 4393
4277 1497
86 7239
1990 2984
313 4885
801 360
9006 1203
9214 7055
4641 9418
1002 5808
1161 6460
250 27
7166 5190
6776 1641
4793 5225
3658 4548
4376 5128
1684 59
2801 6153
3568 7207
1100 79
3343 565
736 5242
1405 9374
5073 7325
4614 2241
859 7582
9372 9512
6726 4851
3404 7976
9420 5314
2105 7413
9975 8948
2003 5213
5780 3660
9940 6545
8311 1641
3485 35
8335 2380
2667 3359
5189 1494
5137 4255
5200 8510
1539 1690
9161 282
5183 2848
8630 7584
2871 2682
6869 152
6858 376
4008 2889
3268 3275
661 6098
91 847
219 815
5916 5679
7480 6918
3680 5915
9252 1021
5462 524
3819 7625
596 4893
6677 513
2320 2098
5726 3302
5624 2262
2064 4711
8249 4201
4856 4715
8315 4943
8910 4562
5579 6431
4868 5219
6846 3795
85 9711
105 5244
5472 1124
3941 3968
9020 1244
6479 8588
6652 456
5459 9729
7905 7508
3308 9211
9764 6984
5485 3067
4899 7465
6001 3321
1234 3055
5369 729
3790 1516
3384 6373
3070 4402
1706 3418
4011 9824
719 6595
8973 7916
204 8320
4084 262
6285 40
7468 8555
8809 4110
7138 365
3495 7987
9300 40
1764 1886
4147 1694
1786 5897
3863 3579
1913 8810
1592 2652
9562 4617
4210 430
5909 2627
8584 9614
1371 3691
7621 8218
5429 7993
7801 9068
2236 7976
8537 4431
562 3425
6708 597
7752 9661
5555 8039
3150 7380
9895 2323
5022 6004
137 641
9964 7569
1660 626
3291 6507
3966 8326
6577 8428
4085 6550
428 3984
6732 4592
9346 7929
7629 927
9419 8151
7170 8283
5377 6409
883 9244
8599 9932
4385 3762
2370 7805
713 9978
2081 4188
7493 2401
7547 8808
7472 3666
9201 7346
6321 43
8519 7518
2775 8140
2362 965
2272 4217
3208 3920
3036 9817
664 2468
2544 6333
3270 2115
5538 8296
1186 3997
1775 8591
3830 7714
5434 4539
9241 3970
2545 6948
3680 8843
6783 4997
2221 2385
3714 3215
936 8467
9104 9195
1418 3909
2026 5872
8323 5841
6588 1267
3925 6089
8223 5635
785 2289
5665 4953
412 9532
4360 8242
6713 8178
9996 7452
2750 6741
7266 6132
8590 6311
6109 9465
456 3727
5744 6862
4314 3409
4115 206
4518 3723
4261 3242
3787 9923
7031 3808
1964 3833
9650 8961
5238 9966
4080 7483
6684 8316
7693 6033
4593 1678
6297 3386
5659 1838
379 4037
812 9557
3511 1907
2926 2894
262 189
2094 9647
754 4554
2070 5441
4717 5163
9942 1575
1795 8263
1245 2486
2966 1782
9751 8288
2109 4526
6128 8613
8948 730
3221 4968
3205 1786
8464 3701
9848 4015
6002 2005
7926 2813
1018 2003
7549 7355
2458 188
7197 6086
6056 363
6840 3517
470 8477
3959 2829
9261 7089
6822 5888
8648 270
305 926
1042 9039
1210 8243
1127 5137
8602 5522
6439 8740
9768 6547
8603 4101
8116 3982
7350 6810
4845 188
1124 187
7948 3084
258 856
2777 5741
414 7844
4487 83
3880 3750
2066 8702
7311 6789
6605 2263
8850 8652
3817 5739
6176 8712
2684 2654
6397 9027
2588 4400
6782 2845
9514 8526
6881 2824
4646 3153
7649 7751
9781 9394
8056 5791
390 7721
2222 5326
7105 4784
620 574
3178 7350
6768 5314
2988 4425
7183 9176
7505 5966
5644 942
5286 1805
7974 6711
6443 2141
3884 7702
171 714
5920 1516
5714 1495
2563 7299
6658 3164
7215 3845
6767 7437
9495 5260
3789 8180
7149 5258
1892 4397
3208 1814
4801 4226
8773 4302
5945 9907
3704 4283
2711 5850
7500 399
5565 9993
2269 6249
7929 3980
841 6087
4439 6926
1071 335
8085 8156
7072 527
4926 4746
3704 7036
6681 5640
8691 8400
7393 6017
7178 3289
4044 5053
2077 7162
6624 9451
6738 5644
4113 9001
1214 9409
6582 8674
2507 6876
988 8052
5949 1266
795 5037
7769 9749
1881 6731
7376 5494
1641 6556
4490 4510
3360 2643
5301 4256
6852 9051
2044 4169
372 7446
9251 7317
7334 3269
6353 8073
1236 7425
7134 1241
7858 5217
6701 3802
5956 7577
5041 1129
4791 3895
2540 7961
1649 7399
5381 3398
1707 3142
2634 6705
540 7652
6142 6291
4505 4099
2106 926
9494 8901
7700 5625
5858 5019
7124 3584
6841 6908
7175 2030
7575 3058
6894 6328
3412 4329
4813 5030
3707 7507
1699 4596
9642 9554
8573 152
2526 8105
7919 8637
952 7187
7813 8657
1396 6680
4751 632
5486 8513
7439 4632
5213 9216
8619 1575
4444 128
2608 9472
3513 1593
3251 5910
579 162
228 6906
9292 463
4143 7694
1944 4105
4986 982
2342 1150
1050 5172
8390 8858
8398 5809
6764 6867
3894 1616
3818 6296
3493 6968
4928 2186
9221 772
194 917
5687 3101
4828 8570
1891 6929
3554 9282
6912 1810
2799 1215
8951 277
7805 8010
6336 3348
5691 9667
1622 55
5698 3262
1582 8263
8030 5607
9008 3779
8195 891
1080 5777
5415 315
2152 1876
9298 3974
1121 7767
4142 729
1520 3697
8394 6938
8620 7951
1476 9984
2613 1034
4705 9201
8593 6889
1054 8434
6457 4931
4480 6342
7770 7910
2935 6755
9055 8140
8109 8582
9296 7663
8336 8205
9858 7578
7594 8689
3023 2168
5164 1270
2270 6783
7555 892
1157 669
8244 469
4267 2229
197 8964
7889 9727
7179 6209
3465 7703
9339 4140
6655 3979
744 4819
8916 3853
4246 6089
2292 2061
3548 6143
8464 7886
5619 3707
16 2829
2398 6333
8533 2151
555 2630
5610 7291
724 4825
9862 2067
6994 2653
1213 9301
2404 8022
5316 4675
4802 3839
5751 1357
9718 9489
2459 8232
4022 8943
9355 104
6179 2993
5678 3991
9302 3508
9034 7238
4578 3713
4994 9559
9111 8319
5722 3635
7736 9641
7705 5214
554 3927
1809 9094
6997 340
5062 3153
261 6961
7432 5760
3889 208
8926 8751
8884 6127
4100 9177
2311 9923
4665 8861
2323 7811
8651 8602
7827 7240
5032 1155
4208 5221
3127 195
6118 8088
3124 8171
4606 8136
8095 9289
5766 1280
3601 4123
6337 8299
923 1642
7272 8708
5772 5574
1859 1408
6607 1401
5241 1636
6359 7362
2730 4414
1378 109
1641 3273
2259 3149
6463 4297
1347 7205
6874 6128
8664 9411
6883 7316
8319 337
2960 7816
6938 4032
7282 566
684 388
6762 4421
3946 5215
8249 1091
7418 8431
4876 6083
241 876
8403 1689
8834 1383
7241 6473
1983 8886
7127 3896
5476 2669
6539 5749
2477 7642
5108 9727
2018 870
5333 1135
7396 6144
9220 5959
643 1473
6604 2940
8410 6365
4855 2624
1678 8823
888 7246
2963 3526
6804 6347
402 2953
9871 8920
2791 5402
1443 8247
9287 898
5969 1641
3189 3253
7076 9452
5117 5093
8441 2220
9905 3112
6356 7128
4845 7918
5713 8996
5721 6273
2790 5658
425 9475
1468 4162
1788 3253
3651 1114
7457 4522
2837 4747
3 9403
6550 8392
4183 8463
4474 76
9894 1068
1631 8042
6017 2568
3166 2856
1390 1514
9304 3823
9745 7155
6195 2711
1824 4105
7980 4680
1404 8302
2597 8504
5430 1477
9332 5721
377 7682
8997 9077
1458 7499
531 4175
8606 4859
7826 6462
9511 4648
2390 8538
7708 5370
6715 8108
6964 4723
6583 4840
9635 3524
4366 6112
8512 939
121 2767
4853 5517
4055 4392
8599 9949
6928 1324
8984 1846
5398 4963
1099 1548
6560 5137
1093 5349
9860 6255
2823 9873
7329 1889
3088 456
9161 4923
4280 6920
69 9644
9764 3516
9465 9436
1890 8366
2711 9712
2278 2415
3450 7784
6361 8019
6568 1254
9677 8014
6148 7092
8479 3823
8705 3447
2917 3510
7788 7199
4211 3097
8960 1285
5591 9080
1280 401
2435 3406
2697 7522
2726 6024
4461 3274
4671 660
6218 1712
4257 9536
2455 3073
4125 9024
4482 4665
583 3919
5973 6215
5084 5142
5035 4599
4024 6652
1123 4416
5151 6682
7512 9211
4606 7564
2759 2152
6475 9093
2581 4632
7075 7540
254 1829
2506 2428
8321 4798
9418 7313
2521 6849
4221 1803
310 3716
7920 7344
5178 3330
1476 498
8883 1016
4170 8964
398 3208
545 9303
8823 4510
4411 7770
5997 4086
8151 9716
6444 9555
770 11
3643 8543
7415 3080
2975 1239
7160 5956
6011 3390
604 3008
7794 9775
6611 4325
3050 8008
5083 5847
7542 7990
2475 669
5002 3522
6141 5808
5793 682
6775 9694
5885 8372
5832 8269
1974 340
3015 378
5188 5132
229 1586
4462 8138
9644 2240
6797 6129
2077 9969
8328 1631
9350 9869
1785 9774
990 9103
7045 3353
2464 4405
8067 4195
8766 2083
5821 1784
3033 3817
3120 4523
8219 7163
8396 9709
5884 4510
1453 9954
3061 6743
2250 1713
8380 9081
2921 9385
8485 6100
7989 3965
4500 5566
606 6763
2591 3600
4630 3477
1032 8354
8114 1891
951 2632
2414 2751
5035 9218
5123 4361
5 1650
1303 4814
6682 6076
4518 5942
304 1262
7969 5984
9831 2317
7743 2410
6495 6238
2677 518
7154 9569
9890 1056
8051 9315
4364 6003
8437 3939
9506 3150
5499 2072
2704 5829
5804 7402
2943 4153
8019 5940
5960 1956
1538 3411
9437 4121
6610 9782
8100 3549
6878 1936
1258 1782
8908 925
4793 740
2015 1456
1529 4747
6602 8954
953 6452
9230 4085
5540 5332
9840 8527
766 1431
1754 6094
572 8039
2257 128
388 9689
7362 2077
2759 6884
6890 6394
2159 9138
3232 1143
6099 2587
3844 9169
2721 3921
6395 2780
9248 8475
2561 3233
1606 5603
9017 488
5341 8131
4449 6060
6368 8067
3671 227
2199 2329
1778 530
4928 8631
4431 1983
7552 6864
6783 9341
2575 3060
5332 9186
8634 8600
2479 4615
9984 3416
8537 2592
5158 450
3146 7341
9113 8559
2945 3346
3757 7628
1188 8300
1632 7050
4356 230
4781 5918
4334 451
2897 8634
8366 363
6869 7615
8639 5271
6318 7625
7999 5938
8824 7811
7218 7470
3517 4140
3951 6846
6479 6765
6845 3716
8 4534
5232 7438
2824 1031
6784 5373
8277 2757
3401 9192
2678 4365
4793 1850
8100 2843
8127 3476
434 1272
1989 7270
7455 9092
5738 8139
2117 7741
3076 8920
7401 1872
7521 5785
5311 1623
2822 2567
1513 7848
4191 9990
256 4014
9212 1460
8933 4059
9810 8688
2726 1943
2548 8613
317 2263
6628 6472
8580 7094
5110 7672
5637 5697
4079 714
3394 5173
9674 1539
863 7489
5621 3353
5708 6208
4513 4875
8390 4793
9559 6710
5207 5943
1115 4222
5151 269
8285 1773
4591 5625
8578 9543
5225 1803
2087 4004
8703 190
6358 8136
9207 6945
9988 16
6541 5894
3601 2894
3819 5127
1293 3254
6554 6436
5219 6530
5643 2586
9380 2534
410 1957
1296 4998
413 5860
9376 9272
293 6359
6850 7076
6452 610
5573 6724
2231 3301
7682 1545
3595 5305
1089 8065
366 7892
9833 1979
4069 225
3292 3500
8843 1723
1361 5163
3445 6530
2474 4091
363 9003
2666 1718
9809 4840
4721 6083
6579 7952
3352 5899
3722 1913
5618 8781
1849 7148
4098 8039
5202 4025
4199 7089
173 3082
1007 9937
432 6165
5874 6417
4115 3062
7035 4527
103 7820
6058 3393
8807 6184
4135 6709
2284 9622
9620 1936
8182 4097
9973 1439
439 8509
1268 5410
503 2212
4477 8697
4519 361
3188 7956
6441 2882
6943 2887
2228 2276
472 4284
3806 7863
9081 5720
6045 9104
283 7784
3831 3832
131 7338
5627 4475
7690 6141
5595 8044
9166 4559
4067 4297
2294 7804
2867 516
3223 3989
3259 3616
1593 4573
3996 5664
1284 8315
42 8985
3203 6429
6162 3535
950 1905
8975 1737
8456 6008
1844 5526
9748 3144
4102 1664
9497 2231
372 7322
5285 9445
4695 6660
3085 390
7840 4924
2521 1
7367 5880
3879 309
3616 1094
6109 7129
8498 3428
727 9351
4167 7181
3553 8213
1895 4008
8457 4614
8945 9515
6259 8090
1740 8141
6548 5874
2766 5041
6080 917
4906 1910
4931 6589
7931 5000
3197 9338
2259 1613
3471 5850
40 4858
8140 5046
2427 6551
8935 9805
2846 255
9628 746
7454 2169
7610 3736
4038 6650
5571 9004
8377 662
5518 4523
4198 80
7949 9696
6295 6592
9272 891
4416 3240
628 9348
8324 190
3154 2005
2206 5524
9802 3453
4428 1129
3439 5265
2916 8339
9102 9908
2983 2020
1103 7023
5703 7963
1765 7074
8970 5810
9181 8809
2558 8600
2103 613
6786 4185
6743 4446
2668 7909
8603 1959
4221 8889
4993 9114
8158 3445
8252 4053
2255 6443
9897 7700
6426 4153
2042 2319
5519 6996
1003 3127
6150 9550
8742 9856
4103 602
5304 1809
7618 8424
3745 7930
5521 3665
3414 5659
4992 5072
9905 9032
5459 699
7706 2904
1177 9185
5764 3704
4424 6479
6419 9151
5593 9113
1381 8433
3369 9374
9922 1613
8505 1628
8114 2949
2389 7464
6112 8550
2855 9727
9168 4221
9747 6327
8736 5849
9587 6268
2690 7509
5370 1774
2317 9828
1461 2055
6234 2623
3052 3582
7032 1573
1922 4913
8916 2654
5489 9463
9549 913
7889 9845
6873 2928
1002 1601
8011 8866
9209 2476
6682 9002
7774 6955
5360 7702
5783 3185
1563 2282
3473 6098
7086 3311
2632 4840
8986 8025
7289 9575
3761 5976
3475 1682
5778 957
2591 9482
8087 8405
2369 1597
6610 9538
5871 1809
589 5267
4317 1875
3874 1000
5154 3008
6889 6644
4073 4255
2036 3857
4078 3320
2403 962
1290 4273
7376 3069
6268 9656
4815 1331
4371 5258
7440 4527
3349 2669
2209 5448
1654 7128
2218 5386
5344 7011
7662 1894
8243 8306
5416 570
6245 8787
6822 212
8933 5686
9062 2255
8039 6963
603 2086
5565 7205
3046 3736
7176 3296
2045 7624
5830 9804
1128 5318
8474 929
755 7174
1402 1071
3118 6793
2371 7065
7752 2988
3934 3722
4500 8953
6790 2373
6403 9917
5836 7821
9462 342
3157 314
4202 1915
7641 6416
4445 9107
4411 5264
1713 3548
6093 4613
4136 1234
4043 9259
1667 6105
964 9219
3551 2204
8425 877
3106 3806
5247 6721
8122 7064
9831 802
2623 5112
1199 2227
3778 3149
6413 3806
8714 3673
8572 556
9887 2042
4273 1797
5548 9802
6682 6392
6200 3968
9677 2340
2228 2687
1778 4519
8945 1555
2518 9573
5894 7085
3511 5322
3352 1342
1293 9496
5774 4246
6821 2196
8260 5885
3265 770
3609 3783
2777 2365
2217 5412
8307 6708
6321 9152
5043 3231
5951 7419
9415 175
6474 7284
5341 7671
3497 4802
251 2004
5376 972
2671 1159
8986 3129
5207 6785
3018 892
8274 5538
5825 8137
5904 2395
9561 8689
342 6000
3221 9646
7298 977
7237 8591
4375 6912
4452 4917
402 4538
4156 6090
1 7142
2660 3037
1800 2976
7228 5089
1731 6722
774 3151
5069 8631
9058 4135
3160 5965
3704 6763
7173 8382
8518 9328
3160 9090
4170 3363
4499 679
1690 6150
9420 422
640 7729
8610 6667
5151 3408
3023 6522
1295 4897
6849 7515
2234 7806
1254 8507
8139 5824
1271 6514
1882 7654
2617 1831
1872 1287
1003 6728
2648 9983
9390 6698
18 8662
5715 9221
1144 9416
9791 6936
9668 3630
8666 726
511 8845
4866 7562
2493 4478
1094 9926
3941 8292
14 7294
9041 6836
9418 8783
5480 4531
6937 1729
7415 6485
9579 187
433 9668
451 233
3714 5895
1727 1209
3905 7939
4489 1881
3676 2956
8718 4578
5558 2112
7073 1661
8066 443
1183 245
2582 5565
6931 1012
2290 6586
5767 105
2328 1004
1842 2057
8822 1544
7044 2867
9101 780
1657 8276
3331 3902
7172 8534
9866 1967
2578 8628
6049 5725
5058 9784
2863 8669
9368 6812
9282 4479
928 5267
8497 9162
4667 407
6774 617
9189 4756
1122 7511
9505 2341
9755 4628
8905 5184
2175 9174
5295 6748
2892 1333
3360 94
2352 3429
8271 8882
3990 7089
8416 5488
2355 147
4093 9672
6973 9971
1252 9893
2656 4764
1570 4845
6293 9708
8834 8582
629 7847
133 7086
5800 4381
4042 7820
5128 7402
4851 1620
2881 8382
9822 7493
4869 5393
6590 732
8968 5345
7240 6639
763 4306
7670 1066
8280 6397
4116 4885
3504 4229
977 2583
3570 9329
5026 9332
3004 8663
6672 2170
4129 3341
3829 9863
8344 1514
8532 2502
9209 5414
3257 7673
4058 2609
5313 855
4350 3834
6154 6260
5085 2645
1997 8654
7118 5332
8062 6674
3547 4478
1494 7152
1758 6863
7668 1158
502 2202
1346 5772
7280 9351
5708 9214
7822 872
9101 4455
9455 5012
5668 1974
9829 2084
4752 3767
5940 1337
6258 308
4875 7982
70 4861
2651 3504
460 7956
8263 9100
8629 1620
1025 6076
50 8842
4633 2448
5799 7831
101 8857
7450 4813
8217 7787
3034 7714
6422 8825
6599 4183
7941 5113
7176 3365
1409 6529
5356 642
8857 6227
6795 488
2534 8563
2020 2158
3974 3087
6983 5710
2354 2898
6276 8393
8826 8314
9151 1625
7362 516
9215 2947
2361 470
9321 3952
3204 4153
7973 1016
7130 2683
1353 7584
7832 5647
8755 2628
5891 3625
5114 341
34 5337
7841 3248
989 1507
4302 3586
4694 9996
5801 9724
7579 5008
8189 3363
4189 5208
4479 9099
6835 5136
3595 8223
4133 4641
2160 625
1658 3044
9626 5105
6508 6709
4380 1573
6987 9793
6481 1942
2276 2144
7266 3285
8321 8626
9235 6348
9057 7254
8961 9499
3357 9534
6283 2831
9144 2068
6248 1880
9972 2445
9603 7989
712 4679
789 6906
1937 1535
5658 3293
9177 3118
4369 250
7471 4304
6302 2532
4291 5291
273 3054
9833 9217
167 4712
3162 2374
5751 2552
7211 7447
2297 9068
8365 445
6128 3042
2196 6810
1606 6356
1857 2521
1442 8153
6939 9239
2666 6712
4820 7472
6661 9031
8129 6091
8067 3947
3903 9492
3178 1923
1997 5135
6623 6195
229 5172
567 4722
3149 1369
9255 9211
2410 902
7527 9067
9401 1841
1145 7068
5114 1408
8964 3597
9480 7373
4850 9908
2404 6652
9121 6782
8849 1510
5913 2606
3233 3456
3365 4861
1078 5540
6552 1231
1609 6000
3444 3851
6602 3091
9276 3900
1958 6161
7383 3987
1378 3907
734 6861
3640 9259
1265 2676
7014 4387
3834 5501
4917 8742
8613 1396
7171 5004
8673 6771
8853 7992
6386 6338
3057 1768
1704 898
8092 2131
8596 5998
6094 3506
4919 3550
3231 4021
7917 7150
345 961
8769 7351
4766 1670
4642 8357
3243 4035
9558 1989
6601 5126
6112 1675
8928 1062
4181 9057
8180 9429
1243 5768
7478 4357
7920 8812
4821 232
8557 3375
2889 3467
3755 1148
2607 7072
3272 7134
2308 8635
9004 8330
3179 34
1577 2604
8450 2799
1200 4312
9932 4230
2593 909
1621 8658
1988 567
3810 2577
9812 9567
6315 9290
2455 1585
4987 5546
1724 7328
4646 6223
2767 4509
6468 5301
5734 2519
7386 6129
7444 1050
6149 7832
5340 6463
8155 8442
9972 5660
3597 9747
4431 6152
6457 4259
3596 6731
8501 7847
1568 9338
9654 9363
7654 9955
2670 986
3271 3428
1870 4199
6800 1385
2052 3790
4162 9308
6005 6089
4483 8300
6772 8717
7726 8357
9129 4607
8268 1144
7274 7402
3186 3563
452 7094
5511 13
6399 1476
8797 3106
4531 1819
466 7470
5862 4139
6659 5818
5152 4102
4155 446
4523 783
171 3657
7158 745
4302 9627
1971 9946
2229 6793
96 7363
7529 1956
5210 1865
8814 1904
9035 1597
848 3069
3808 164
9958 2098
6336 8844
7313 653
9863 3254
1443 5523
3309 9589
6610 9099
1184 7910
8110 2154
3884 1520
9677 2132
7718 7457
518 7474
6495 5639
2667 6929
5083 1210
1612 1983
1275 630
9241 9463
4703 4616
5253 4694
9383 5981
3169 7967
6245 6469
3524 588
4707 6373
5319 4256
3604 5823
2264 1726
5106 311
5248 896
4928 6303
7597 2918
9499 5141
2101 3277
8204 393
9720 4357
2383 3303
9735 5943
9297 1204
8702 2358
246 5518
3607 5326
1922 6987
358 1506
2901 8902
7992 9826
4371 4952
4016 6283
5006 635
7837 9134
7044 9484
4582 9234
8174 1083
7178 8586
3644 7111
7874 6946
6991 7479
6679 4605
8700 4333
4395 9197
7774 5672
7764 9900
8668 3479
1991 4197
382 5140
9593 6016
6344 5264
5616 503
6406 1985
4066 3737
6851 7084
7126 3810
6810 8186
6486 106
6280 1815
8119 4956
6076 3700
7937 1778
9560 8427
4894 3882
7280 804
4581 975
1919 2713
9414 1929
6086 955
7047 1859
6546 1700
4327 3422
4383 2026
6421 3595
4611 2472
6319 8650
8421 6728
765 4218
4310 7273
6220 2775
2544 5732
1441 3205
2556 3081
6010 8172
533 8161
8935 2317
940 7802
8303 3165
1011 8028
2046 9584
9898 1004
8325 7474
4390 4293
357 8549
8198 9070
6556 7597
4354 7225
4254 6974
7191 4768
1548 3373
4624 5298
4066 6786
3887 4120
3455 2279
5290 8462
8640 1142
7166 9992
7347 2387
2033 5141
2592 7788
1018 7467
4144 8517
760 7703
7316 1515
1527 6330
3403 7845
3584 5116
4666 1850
9837 3338
5964 5831
1221 8546
3250 8264
3031 8896
6696 1877
7812 9070
6684 160
8020 6203
3049 6005
3621 7600
9442 3126
5016 2528
9557 5174
8886 6190
7326 9051
9558 2877
3307 8186
7360 2604
1601 3659
4422 11
2278 9061
2929 799
2220 9287
2777 4532
7736 9480
7488 2690
8699 7037
9343 8872
5992 3555
705 723
713 6536
5970 6795
6867 6606
7670 616
3766 7616
6814 4587
8292 5253
9469 9717
7706 7690
2922 5371
2128 6995
4389 3018
4577 5549
4493 3564
1990 1015
4563 3005
6072 3378
9771 4029
3023 7776
8243 9100
5883 5873
9600 5780
8033 8346
8397 6727
3026 6678
5018 8846
3223 6871
1680 966
2824 6331
7256 9034
4877 1783
8892 5369
4887 4987
1417 7862
8632 5910
2402 676
7611 2499
4090 4911
4234 9752
732 2032
5205 5529
8825 6149
1048 5344
1785 7517
8107 3526
449 9408
6190 8064
1465 1223
1767 3196
1992 6411
5843 877
5901 9027
6075 2888
5663 3458
4781 3091
9946 8093
4878 5058
5142 516
3734 9567
7458 2608
2552 9251
6569 2381
1337 2517
9013 4972
2996 3645
3232 2870
4065 7706
4272 1118
9342 1893
923 8042
5475 2274
3319 10000
9761 8778
4446 9883
1814 5024
9381 4455
4215 6591
4883 4213
9815 9447
7779 3401
1685 9477
6930 8229
1048 1816
8768 3774
2074 1602
4484 949
876 1957
2756 6966
9480 5852
9411 7832
9362 889
5966 3746
3330 1710
918 5000
4505 118
70 2640
1889 9880
8388 2430
7050 2059
999 5775
296 6514
4269 8573
1438 4930
5455 2617
1131 8998
198 6130
2687 9445
7602 6381
3179 1629
4399 9114
8287 25
4135 37
8738 5415
866 7531
2558 6787
9331 7642
2315 8283
87 223
701 7790
4577 4500
1923 7579
4163 9239
3159 3117
3084 2171
4707 1810
9759 3685
1358 626
6992 3548
1593 8632
9485 6939
6692 2965
9131 5180
9970 2570
3038 2637
9562 7793
3903 3642
4308 3150
7974 9688
5001 385
2235 402
8441 7069
6058 8809
6308 1921
8258 9321
6835 798
6857 5937
4376 1062
53 6650
27 2301
1016 7748
7117 8525
4846 354
5111 422
8336 3932
4166 2520
7922 1651
3237 4596
2745 8069
4174 4547
3039 9057
6758 9385
9588 8198
1814 4347
2549 4341
3645 852
7222 256
6192 796
4339 4350
950 6278
856 9283
5490 9939
6437 9030
231 9216
9657 8549
5618 6729
8529 1036
356 5289
3783 4797
217 9933
8683 2481
480 1526
2004 1955
680 2506
3550 1235
5616 2907
1359 5139
530 2174
6979 3464
938 7452
3618 6696
9729 8318
1665 5499
5843 6143
5909 8588
1234 9887
8217 5740
4073 1903
2289 5299
1787 4420
8185 9551
8798 2820
1319 9310
1473 31
1911 2140
1305 2825
6687 1500
2269 5074
1602 6912
6239 8032
2993 8331
5226 9679
6366 8395
471 1485
8259 4678
5020 9619
4200 7216
4217 2310
2221 2919
6695 5808
7257 7722
4296 3842
5681 2693
2776 4204
5275 5407
6457 2721
6923 4069
9428 5659
737 547
6167 4949
231 4589
3473 3401
1475 2241
4771 507
6437 5202
7488 6722
6556 6998
2192 4773
746 3652
8373 5213
9233 1596
1938 4913
8627 1467
1490 9958
2977 4681
841 7942
3702 2328
9878 2910
4166 2429
6180 3048
4359 719
9463 6849
800 7939
1614 8181
6239 5429
9497 8730
6077 6022
6373 8921
7469 3949
795 825
9217 8288
4914 402
7550 2867
5951 5930
9485 1975
4956 6539
4878 1772
2151 9057
8306 7943
3171 8447
1893 9126
1545 4315
7220 5455
5534 2844
278 9839
4018 4108
1015 6209
9879 2686
9407 7707
9158 5186
6343 2008
1611 4586
3527 2861
8054 9371
1036 6003
6392 8276
7514 9473
6163 9164
4205 1311
3605 1212
8810 1337
8071 1451
9635 5806
6295 8483
6962 6582
2506 600
1552 9183
3173 3465
2573 7852
4306 4886
5218 9520
380 2546
6126 2964
270 2881
9911 4725
942 9512
9202 2015
2482 4771
1929 536
2664 9618
3385 1776
6954 3807
6723 1395
6887 2287
3216 1777
1136 4396
3317 3107
5926 1659
6990 1858
5038 8520
9471 5783
9620 2322
5645 258
7645 8775
9516 9212
1104 6785
2319 7304
2121 4561
4135 2980
1415 7702
605 6781
4959 455
1473 2951
7014 5767
5554 8798
3178 9743
7289 1733
6049 6669
8522 5390
209 1358
9275 2004
6660 8031
7351 5031
1002 5847
7670 7475
5677 4058
9410 6339
1495 2266
5786 4471
4150 4258
6130 1274
4932 2446
8658 5928
6985 8489
1024 1666
44 5266
1605 2467
5974 3774
1314 3510
6365 9169
343 9080
5828 226
5097 8182
3328 3000
72 2030
8743 712
882 6847
3142 8924
6934 2895
4661 1751
5918 4229
3913 2372
7514 3006
9102 4791
5091 3892
394 2536
7203 7155
8071 7869
9917 2289
48 9247
2546 8163
5715 1088
6862 1522
1739 2361
6946 3743
9398 1574
4939 1913
1106 5658
1801 414
370 6685
780 1157
8370 1727
1021 3080
1392 5370
8669 2419
839 6753
3438 867
535 421
4467 652
1667 231
9595 9791
5436 4182
3868 1375
2447 2370
2200 5914
9197 9424
8229 713
1988 4531
2602 5341
5962 9643
7774 2590
8400 8558
7041 9438
3433 2550
3381 1885
7615 6267
4271 2303
847 8679
6952 7044
5104 990
5185 7072
5763 3907
1328 7366
3213 1831
5127 9417
4471 9879
511 6
2625 7458
3384 4821
2531 7816
8802 3820
866 8442
9372 4316
4746 5055
5153 1106
1504 2967
9786 1366
8131 8810
1541 1385
6870 4652
6586 5095
7596 4802
8034 8055
3540 6857
4301 2399
1260 5967
5756 5540
2797 8169
1160 3911
247 718
4866 2986
720 4483
6714 8852
4097 4313
4428 58
6351 3685
8773 4265
7179 4783
3574 574
4458 7047
6231 8832
4817 8271
1404 3724
2563 980
3313 8114
5421 2723
1430 4198
8809 3405
4248 1821
3446 7586
1266 4504
146 9771
1417 8269
287 9877
6740 554
895 9577
3031 6063
8898 8941
3171 7536
5751 5491
388 4227
204 5653
603 2796
9174 3729
4042 7979
8 2304
2969 6616
6826 7417
3166 3737
8471 2464
6771 4303
362 2588
3074 1173
1924 3883
4908 2148
6553 3560
9452 8025
2818 7708
4286 3231
6893 4228
9100 3930
509 5311
1070 7208
1568 981
9949 3912
6444 7112
8841 2633
4416 6184
3106 5708
3765 5069
5890 8492
9896 6616
6338 2893
9374 8328
1852 9805
6356 793
1790 8562
1930 1214
4360 3132
8505 6457
2111 7012
1735 7124
2602 6638
6999 408
1112 8462
8530 5050
266 565
4290 1174
8347 5524
7426 819
7046 1432
7011 3083
4272 9713
2768 5737
8199 3778
8266 2874
7206 1297
5762 5333
9740 2524
3513 3686
8469 4405
1320 9989
9463 72
4717 3308
5480 7809
4734 271
787 6445
6942 5414
2070 1506
8740 1804
3765 4210
2288 3473
8944 5209
9645 7246
2748 6475
1386 8502
6992 8615
5366 8603
5806 8293
2222 9398
6333 2691
4022 3647
2421 4985
2699 1078
8025 1437
4498 9303
2736 3334
1806 1694
7789 7326
3688 7558
457 6331
604 9243
9804 2249
5412 3377
3878 5709
1548 9933
6712 2005
5619 2221
81 10
1607 3892
7965 398
8884 7573
7051 7712
4923 5335
4688 1735
3117 1616
9171 6842
3291 2237
8184 3106
4150 9626
1960 8174
259 520
4051 878
7824 7091
8664 48
6779 9116
2643 2415
8728 7501
7647 9684
5219 6496
9011 5517
7748 3241
9933 4189
7150 7477
9212 9937
5334 8414
8412 1496
3027 3846
1712 1006
5539 6601
4138 959
588 6136
2369 7258
5480 9869
6939 8507
204 2247
8417 2452
1739 8796
823 7669
3542 5037
5921 7306
792 6836
7424 5935
2957 7254
1134 4716
7943 213
2452 7462
1270 4048
8080 1690
2196 6188
7120 7241
6951 8127
8911 8959
3828 247
3284 4996
405 1934
6845 9780
2503 9587
4763 656
9468 962
998 9008
3950 7313
617 770
3904 3839
5925 6639
3282 9657
6090 7103
2421 3967
2427 8560
8393 2518
3994 9551
3319 3447
5058 4655
3436 9491
8654 5305
4160 2407
4794 9344
4228 9503
8114 6289
7644 5214
4526 3400
1356 934
8578 1258
8179 1812
7985 3546
4074 4978
6276 2062
3101 615
9227 6807
6599 2674
7609 5327
2298 2277
7244 5897
2837 4773
2110 3648
5324 8241
6166 4826
2204 8037
5297 3498
5735 3557
9499 5680
5386 3595
750 3109
5013 3430
7266 1145
5494 9670
7809 330
9660 8785
607 9345
9851 1190
35 2561
2956 8596
8444 6951
7960 1898
2218 4945
8997 1130
8055 7991
8333 4474
3535 1079
5540 9397
8549 8330
207 290
4853 4007
6709 2461
3695 5489
7886 3045
7238 9970
3586 614
641 2950
9259 2422
6728 8266
4209 2683
6571 3620
8605 170
3237 1699
219 1406
6903 2649
2617 4946
2329 2140
8013 2384
5291 6859
7029 5224
1549 8108
8826 5136
3070 8619
9822 5373
5561 2518
1244 584
8675 129
4907 7419
410 4448
8155 4814
9713 6172
810 8694
5571 4047
2342 8888
8063 6449
5778 7255
5044 7243
6657 443
9530 7808
2483 3913
9563 3517
9597 6148
2638 9097
2418 5966
8657 7129
454 6596
839 2620
9987 8241
1210 1957
4110 6425
6036 1879
2872 5700
820 1841
2978 4318
3656 452
6516 3534
7642 6204
9942 6323
2731 5750
3437 1777
9173 5754
2405 2752
9905 3878
5112 5690
1275 1160
4887 255
5636 5316
6046 4983
5233 9036
7344 6349
2333 4803
5911 3975
4641 8474
4214 7091
6456 6390
5209 8708
1516 8768
4110 9800
9262 4405
3652 3281
3082 5360
3294 1077
2409 896
6947 5114
5519 9187
3970 292
3805 7521
4734 5440
6119 1137
5034 9372
9704 2261
2228 9090
2059 198
6804 7653
8248 2841
1939 1578
6180 6474
7997 2711
9877 5645
9584 7398
4968 4268
7395 5088
7974 2886
4245 4159
7926 7887
3144 9193
647 9527
8632 9736
7248 4196
8530 7441
13 684
6006 1489
1744 945
573 3770
1548 7312
444 5491
2889 8078
5562 9884
3517 9894
3012 3743
9230 9733
6371 8231
1972 5095
8473 3884
5726 3713
303 1387
116 3831
2247 473
7588 2292
8196 1254
1225 382
6865 2202
2788 906
6775 1888
879 7710
3222 236
6054 6391
2485 703
9195 2555
1591 4034
8653 2112
6690 499
343 2889
9855 3473
2140 5682
5966 8824
6790 4086
67 2980
8879 8723
2154 6669
3888 2292
2475 8081
4740 8484
3714 3932
2222 4541
6174 1203
2614 5683
8178 4016
4998 4336
9799 1662
8073 4537
2936 3003
1146 2989
9318 6915
607 9708
8829 9363
9881 5076
7034 3767
6270 801
6789 6064
8641 2454
8083 3740
6960 9810
4178 3162
712 9708
1921 9200
8738 1320
4538 3486
9824 3112
5965 6574
5067 2058
5583 2348
7571 26
6540 6569
7283 5847
3237 1911
2747 8938
8432 7062
8058 7881
6419 9672
4015 2613
2089 252
6752 5238
2411 2717
4010 5578
8577 9741
1998 9781
6698 7388
6849 6197
3746 497
6324 937
6963 9464
5232 2755
4436 7197
9077 4649
8307 8970
1188 7891
7867 440
5061 1562
1154 6438
3921 5281
6499 4915
1947 3218
9948 5609
2105 2749
8939 637
7026 6328
9921 1698
7388 1454
4898 6430
5487 999
6667 5690
495 9260
4585 3171
1072 5387
7899 5479
3304 9050
5053 1846
2532 7462
9354 2789
9720 7141
3169 187
4253 9998
1963 4634
7520 7065
9547 5073
6793 6780
7337 9723
2696 1634
7449 4322
5955 9174
3824 2689
2267 6958
6746 4667
5690 8897
3736 6875
3446 2504
3059 8319
4454 6014
1376 7356
3942 7615
5590 5252
6010 4271
6900 5974
7000 8547
2265 3040
1941 3431
2586 8297
4275 4746
1714 8583
6522 7618
4355 8781
7985 3461
5863 2758
9007 2713
3387 2470
657 2669
3845 7630
9518 712
7663 4373
3249 7029
8811 5925
9842 7214
3484 2743
